[/]
custom-icons=@a(sss) []
icon-brightness=2.7755575615628914e-17
icon-contrast=-2.7755575615628914e-17
icon-opacity=255
icon-saturation=2.7755575615628914e-17
icon-size=20
tray-pos='right'
